,Baden-Württemberg,Bayern,Berlin,Brandenburg,Bremen,Hamburg,Hessen,Mecklenburg-Vorpommern,Niedersachsen,Nordrhein-Westfalen,Rheinland-Pfalz,Saarland,Sachsen,Sachsen-Anhalt,Schleswig-Holstein,Thüringen,Deutschland,Increase
2020-03-10,92.0,136.0,31.0,3.0,4.0,4.0,18.0,5.0,24.0,303.0,18.0,2.0,5.0,0.0,8.0,1.0,1296.0,
2020-03-11,190.0,207.0,90.0,11.0,21.0,17.0,28.0,11.0,52.0,384.0,25.0,6.0,17.0,6.0,14.0,10.0,1567.0,271.0
2020-03-12,332.0,317.0,137.0,23.0,35.0,60.0,59.0,16.0,81.0,688.0,52.0,8.0,30.0,14.0,29.0,12.0,1892.0,325.0
2020-03-13,401.0,412.0,174.0,44.0,42.0,99.0,94.0,21.0,134.0,887.0,102.0,30.0,46.0,29.0,45.0,16.0,2576.0,684.0
2020-03-14,506.0,605.0,216.0,57.0,50.0,119.0,141.0,23.0,187.0,1154.0,121.0,31.0,86.0,40.0,54.0,31.0,3421.0,845.0
2020-03-15,524.0,804.0,265.0,56.0,53.0,162.0,207.0,33.0,238.0,1407.0,168.0,32.0,91.0,40.0,79.0,36.0,4195.0,774.0
2020-03-16,1062.0,965.0,300.0,65.0,56.0,255.0,241.0,36.0,272.0,1541.0,325.0,32.0,103.0,40.0,104.0,36.0,5433.0,1238.0
2020-03-17,1479.0,1109.0,345.0,73.0,57.0,310.0,373.0,45.0,325.0,2105.0,442.0,75.0,182.0,58.0,127.0,51.0,7156.0,1723.0
2020-03-18,1609.0,1243.0,391.0,92.0,69.0,358.0,432.0,56.0,478.0,2372.0,474.0,88.0,198.0,105.0,159.0,74.0,8198.0,1042.0
